$GPRMC,111023.308,V,3754.929,N,07602.499,W,26.6,2.80,181216,,E*4D
$GPGGA,111024.308,3754.929,N,07602.499,W,0,00,,,M,,M,,*5D
$GPGSV,2,1,06,12,88,013,32,05,75,313,23,16,26,044,26,05,46,124,30*7F
$GPGSV,2,2,06,07,66,166,22,03,22,342,62*7B
$GPRMC,111027.308,V,3754.928,N,07602.501,W,45.3,2.71,181216,,E*46
$GPGGA,111028.308,3754.928,N,07602.501,W,0,04,,,M,,M,,*54
$GPGSV,2,1,06,12,47,024,36,05,11,210,75,16,82,034,47,05,47,283,38*76
$GPGSV,2,2,06,07,28,274,60,03,54,012,80*7C
$GPRMC,111031.308,V,3754.928,N,07602.502,W,38.6,2.71,181216,,E*4D
$GPGGA,111032.308,3754.928,N,07602.502,W,0,04,,,M,,M,,*5C
$GPGSV,2,1,06,12,19,100,30,05,63,102,37,16,09,088,84,05,62,189,49*7C
$GPGSV,2,2,06,07,77,169,83,03,84,160,85*78
$GPRMC,111035.308,V,3754.927,N,07602.504,W,19.0,2.80,181216,,E*4B
$GPGGA,111036.308,3754.927,N,07602.504,W,0,04,,,M,,M,,*51
$GPGSV,2,1,06,12,42,337,32,05,33,335,18,16,78,206,62,05,69,097,74*79
$GPGSV,2,2,06,07,43,124,48,03,32,162,45*72
$GPRMC,111039.308,V,3754.926,N,07602.506,W,45.5,2.81,181216,,E*49
$GPGGA,111040.308,3754.926,N,07602.506,W,0,04,,,M,,M,,*53
$GPGSV,2,1,06,12,71,346,37,05,70,297,88,16,89,315,55,05,65,138,81*76
$GPGSV,2,2,06,07,08,129,81,03,88,318,81*73
$GPRMC,111043.308,V,3754.926,N,07602.507,W,93.0,2.82,181216,,E*48
$GPGGA,111044.308,3754.926,N,07602.507,W,0,04,,,M,,M,,*56
$GPGSV,2,1,06,12,24,345,50,05,11,140,49,16,19,130,77,05,50,305,27*7D
$GPGSV,2,2,06,07,83,189,32,03,24,228,18*76
$GPRMC,111047.308,V,3754.925,N,07602.509,W,14.6,2.72,181216,,E*47
$GPGGA,111048.308,3754.925,N,07602.509,W,0,04,,,M,,M,,*57
$GPGSV,2,1,06,12,17,021,83,05,88,250,82,16,87,313,38,05,64,151,17*7F
$GPGSV,2,2,06,07,83,263,48,03,56,178,44*76
$GPRMC,111051.308,V,3754.925,N,07602.511,W,67.4,2.81,181216,,E*43
$GPGGA,111052.308,3754.925,N,07602.511,W,0,04,,,M,,M,,*55
$GPGSV,2,1,06,12,56,311,41,05,87,061,73,16,47,189,32,05,78,189,82*76
$GPGSV,2,2,06,07,74,203,52,03,89,055,71*79
$GPRMC,111055.308,V,3754.924,N,07602.512,W,57.1,2.85,181216,,E*47
$GPGGA,111056.308,3754.924,N,07602.512,W,0,04,,,M,,M,,*53
$GPGSV,2,1,06,12,42,190,23,05,11,111,17,16,23,021,29,05,38,305,75*76
$GPGSV,2,2,06,07,47,110,75,03,47,261,50*79
$GPRMC,111059.308,V,3754.924,N,07602.514,W,86.0,2.86,181216,,E*43
$GPGGA,111100.308,3754.924,N,07602.514,W,0,04,,,M,,M,,*57
$GPGSV,2,1,06,12,14,273,29,05,51,206,52,16,13,273,68,05,82,257,29*7C
$GPGSV,2,2,06,07,61,248,20,03,27,350,31*71
$GPRMC,111103.308,V,3754.924,N,07602.516,W,73.1,2.95,181216,,E*46
$GPGGA,111104.308,3754.924,N,07602.516,W,0,04,,,M,,M,,*51
$GPGSV,2,1,06,12,39,228,18,05,66,257,61,16,18,024,55,05,10,118,50*77
$GPGSV,2,2,06,07,60,166,79,03,10,314,39*7F
$GPRMC,111107.308,V,3754.923,N,07602.518,W,22.8,2.86,181216,,E*44
$GPGGA,111108.308,3754.923,N,07602.518,W,0,04,,,M,,M,,*54
$GPGSV,2,1,06,12,33,330,20,05,72,095,18,16,62,007,33,05,75,279,85*7A
$GPGSV,2,2,06,07,83,057,53,03,34,322,21*73
$GPRMC,111111.308,V,3754.923,N,07602.520,W,65.5,2.92,181216,,E*43
$GPGGA,111112.308,3754.923,N,07602.520,W,0,04,,,M,,M,,*54
$GPGSV,2,1,06,12,86,095,66,05,22,035,77,16,19,037,79,05,46,242,79*76
$GPGSV,2,2,06,07,64,094,47,03,88,163,54*72
$GPRMC,111115.308,V,3754.923,N,07602.521,W,5.7,2.88,181216,,E*79
$GPGGA,111116.308,3754.923,N,07602.521,W,0,04,,,M,,M,,*51
$GPGSV,2,1,06,12,45,030,31,05,79,016,84,16,29,082,65,05,29,320,58*78
$GPGSV,2,2,06,07,27,331,45,03,67,031,60*7B
$GPRMC,111119.308,V,3754.922,N,07602.523,W,28.4,2.89,181216,,E*4B
$GPGGA,111120.308,3754.922,N,07602.523,W,0,04,,,M,,M,,*57
$GPGSV,2,1,06,12,09,120,28,05,28,270,72,16,12,187,43,05,72,059,88*71
$GPGSV,2,2,06,07,57,090,46,03,49,340,55*78
$GPRMC,111123.308,V,3754.922,N,07602.525,W,29.5,2.87,181216,,E*4A
$GPGGA,111124.308,3754.922,N,07602.525,W,0,04,,,M,,M,,*55
$GPGSV,2,1,06,12,05,240,44,05,44,001,74,16,40,027,17,05,61,138,73*77
$GPGSV,2,2,06,07,32,322,24,03,50,290,51*75
$GPRMC,111127.308,V,3754.921,N,07602.527,W,8.5,2.76,181216,,E*72
$GPGGA,111128.308,3754.921,N,07602.527,W,0,04,,,M,,M,,*58
$GPGSV,2,1,06,12,75,013,34,05,60,261,39,16,35,076,68,05,53,356,71*7F
$GPGSV,2,2,06,07,32,259,43,03,20,232,79*7C
$GPRMC,111131.308,V,3754.921,N,07602.528,W,35.3,2.90,181216,,E*4A
$GPGGA,111132.308,3754.921,N,07602.528,W,0,04,,,M,,M,,*5C
$GPGSV,2,1,06,12,84,035,83,05,43,109,86,16,50,088,85,05,44,191,80*71
$GPGSV,2,2,06,07,11,142,58,03,20,302,73*76
$GPRMC,111135.308,V,3754.921,N,07602.530,W,58.1,2.90,181216,,E*4E
$GPGGA,111136.308,3754.921,N,07602.530,W,0,04,,,M,,M,,*51
$GPGSV,2,1,06,12,67,158,48,05,29,044,20,16,61,175,74,05,20,277,42*71
$GPGSV,2,2,06,07,13,171,34,03,27,120,40*7B
$GPRMC,111139.308,V,3754.920,N,07602.532,W,79.9,2.86,181216,,E*4D
$GPGGA,111140.308,3754.920,N,07602.532,W,0,04,,,M,,M,,*53
$GPGSV,2,1,06,12,69,230,29,05,34,214,77,16,41,045,26,05,69,215,75*76
$GPGSV,2,2,06,07,42,314,49,03,61,143,71*71
$GPRMC,111143.308,V,3754.920,N,07602.534,W,79.2,2.86,181216,,E*4D
$GPGGA,111144.308,3754.920,N,07602.534,W,0,04,,,M,,M,,*51
$GPGSV,2,1,06,12,43,016,81,05,44,312,34,16,76,261,32,05,05,273,45*71
$GPGSV,2,2,06,07,22,134,29,03,05,122,54*73
$GPRMC,111147.308,V,3754.920,N,07602.535,W,11.8,2.96,181216,,E*4D
$GPGGA,111148.308,3754.920,N,07602.535,W,0,04,,,M,,M,,*5C
$GPGSV,2,1,06,12,61,175,78,05,58,047,51,16,07,200,16,05,32,210,16*7E
$GPGSV,2,2,06,07,66,249,76,03,08,085,15*74
$GPRMC,111151.308,V,3754.920,N,07602.537,W,58.0,3.04,181216,,E*47
$GPGGA,111152.308,3754.920,N,07602.537,W,0,04,,,M,,M,,*55
$GPGSV,2,1,06,12,79,188,17,05,47,227,74,16,28,217,40,05,32,329,36*70
$GPGSV,2,2,06,07,33,184,49,03,05,070,63*7C
$GPRMC,111155.308,V,3754.920,N,07602.539,W,89.3,3.06,181216,,E*40
$GPGGA,111156.308,3754.920,N,07602.539,W,0,04,,,M,,M,,*5F
$GPGSV,2,1,06,12,78,302,61,05,86,237,45,16,70,173,42,05,29,047,34*73
$GPGSV,2,2,06,07,42,299,26,03,23,278,63*72
$GPRMC,111159.308,V,3754.920,N,07602.541,W,33.4,3.02,181216,,E*41
$GPGGA,111200.308,3754.920,N,07602.541,W,0,04,,,M,,M,,*50
$GPGSV,2,1,06,12,70,207,21,05,29,156,18,16,28,228,82,05,65,214,54*74
$GPGSV,2,2,06,07,86,212,84,03,36,278,82*7A
$GPRMC,111203.308,V,3754.920,N,07602.543,W,32.2,3.01,181216,,E*4B
$GPGGA,111204.308,3754.920,N,07602.543,W,0,04,,,M,,M,,*56
$GPGSV,2,1,06,12,69,055,66,05,58,343,75,16,32,232,71,05,62,129,74*75
$GPGSV,2,2,06,07,88,178,85,03,64,278,30*74
$GPRMC,111207.308,V,3754.920,N,07602.544,W,90.7,3.04,181216,,E*40
$GPGGA,111208.308,3754.920,N,07602.544,W,0,04,,,M,,M,,*5D
$GPGSV,2,1,06,12,21,148,32,05,12,051,34,16,15,156,73,05,10,340,23*72
$GPGSV,2,2,06,07,59,129,73,03,06,069,56*73
$GPRMC,111211.308,V,3754.920,N,07602.546,W,92.8,2.96,181216,,E*42
$GPGGA,111212.308,3754.920,N,07602.546,W,0,04,,,M,,M,,*54
$GPGSV,2,1,06,12,82,199,77,05,67,127,81,16,42,172,64,05,09,144,60*71
$GPGSV,2,2,06,07,23,222,53,03,68,066,62*74
$GPRMC,111215.308,V,3754.920,N,07602.548,W,58.7,2.97,181216,,E*40
$GPGGA,111216.308,3754.920,N,07602.548,W,0,04,,,M,,M,,*5E
$GPGSV,2,1,06,12,28,107,74,05,57,358,86,16,30,077,50,05,26,213,68*79
$GPGSV,2,2,06,07,70,054,23,03,23,174,86*71
$GPRMC,111219.308,V,3754.920,N,07602.550,W,93.6,3.03,181216,,E*4F
$GPGGA,111220.308,3754.920,N,07602.550,W,0,04,,,M,,M,,*52
$GPGSV,2,1,06,12,11,208,87,05,61,135,83,16,78,243,77,05,12,313,73*7A
$GPGSV,2,2,06,07,66,179,22,03,53,259,25*7B
$GPRMC,111223.308,V,3754.921,N,07602.552,W,7.8,3.11,181216,,E*75
$GPGGA,111224.308,3754.921,N,07602.552,W,0,04,,,M,,M,,*55
$GPGSV,2,1,06,12,16,357,45,05,18,008,66,16,73,275,57,05,15,055,89*7D
$GPGSV,2,2,06,07,44,348,76,03,62,278,56*7F
$GPRMC,111227.308,V,3754.921,N,07602.553,W,32.2,3.13,181216,,E*4E
$GPGGA,111228.308,3754.921,N,07602.553,W,0,04,,,M,,M,,*58
$GPGSV,2,1,06,12,68,180,80,05,79,296,60,16,10,111,76,05,73,237,32*70
$GPGSV,2,2,06,07,79,284,85,03,49,309,28*7B
$GPRMC,111231.308,V,3754.921,N,07602.555,W,90.4,3.10,181216,,E*42
$GPGGA,111232.308,3754.921,N,07602.555,W,0,04,,,M,,M,,*55
$GPGSV,2,1,06,12,56,327,70,05,66,289,86,16,20,330,57,05,74,113,62*73
$GPGSV,2,2,06,07,74,045,44,03,86,357,34*71
$GPRMC,111235.308,V,3754.922,N,07602.557,W,90.8,3.15,181216,,E*4E
$GPGGA,111236.308,3754.922,N,07602.557,W,0,04,,,M,,M,,*50
$GPGSV,2,1,06,12,69,154,17,05,49,330,63,16,53,006,47,05,53,190,53*72
$GPGSV,2,2,06,07,57,115,52,03,83,184,77*7D
$GPRMC,111239.308,V,3754.923,N,07602.558,W,59.5,3.30,181216,,E*43
$GPGGA,111240.308,3754.923,N,07602.558,W,0,04,,,M,,M,,*5F
$GPGSV,2,1,06,12,89,168,33,05,37,023,79,16,39,306,42,05,27,065,37*76
$GPGSV,2,2,06,07,42,105,84,03,81,073,27*7D
$GPRMC,111243.308,V,3754.923,N,07602.560,W,16.0,3.37,181216,,E*4C
$GPGGA,111244.308,3754.923,N,07602.560,W,0,04,,,M,,M,,*50
$GPGSV,2,1,06,12,59,136,53,05,61,327,18,16,41,199,49,05,23,350,86*7E
$GPGSV,2,2,06,07,12,082,71,03,83,027,85*77
$GPRMC,111247.308,V,3754.924,N,07602.562,W,9.8,3.28,181216,,E*75
$GPGGA,111248.308,3754.924,N,07602.562,W,0,04,,,M,,M,,*59
$GPGSV,2,1,06,12,57,103,88,05,82,288,30,16,71,194,22,05,50,272,86*75
$GPGSV,2,2,06,07,51,145,49,03,20,334,69*7B
$GPRMC,111251.308,V,3754.925,N,07602.563,W,41.3,3.41,181216,,E*4A
$GPGGA,111252.308,3754.925,N,07602.563,W,0,04,,,M,,M,,*52
$GPGSV,2,1,06,12,77,237,89,05,74,080,88,16,68,058,77,05,22,264,35*71
$GPGSV,2,2,06,07,67,106,75,03,08,108,67*7F
$GPRMC,111255.308,V,3754.926,N,07602.564,W,98.3,3.40,181216,,E*4F
$GPGGA,111256.308,3754.926,N,07602.564,W,0,04,,,M,,M,,*52
$GPGSV,2,1,06,12,49,347,22,05,22,092,36,16,48,212,19,05,19,220,40*72
$GPGSV,2,2,06,07,40,106,20,03,59,358,49*75
$GPRMC,111259.308,V,3754.927,N,07602.566,W,76.3,3.39,181216,,E*4E
$GPGGA,111300.308,3754.927,N,07602.566,W,0,04,,,M,,M,,*53
$GPGSV,2,1,06,12,45,177,25,05,19,260,83,16,44,023,47,05,78,002,47*74
$GPGSV,2,2,06,07,05,268,79,03,58,044,34*76
$GPRMC,111303.308,V,3754.927,N,07602.568,W,94.6,2.92,181216,,E*47
$GPGGA,111304.308,3754.927,N,07602.568,W,0,04,,,M,,M,,*59
$GPGSV,2,1,06,12,12,196,32,05,76,319,30,16,59,075,79,05,11,079,29*78
$GPGSV,2,2,06,07,10,353,54,03,87,323,37*77
$GPRMC,111307.308,V,3754.927,N,07602.569,W,80.2,2.87,181216,,E*47
$GPGGA,111308.308,3754.927,N,07602.569,W,0,04,,,M,,M,,*54
$GPGSV,2,1,06,12,67,088,21,05,08,159,16,16,49,131,20,05,63,232,56*71
$GPGSV,2,2,06,07,80,335,25,03,33,147,76*72
$GPRMC,111311.308,V,3754.926,N,07602.571,W,94.9,2.77,181216,,E*49
$GPGGA,111312.308,3754.926,N,07602.571,W,0,04,,,M,,M,,*57
$GPGSV,2,1,06,12,64,284,74,05,20,235,54,16,72,146,79,05,15,287,24*77
$GPGSV,2,2,06,07,29,030,78,03,52,191,24*74
$GPRMC,111315.308,V,3754.926,N,07602.573,W,88.0,2.79,181216,,E*45
$GPGGA,111316.308,3754.926,N,07602.573,W,0,04,,,M,,M,,*51
$GPGSV,2,1,06,12,86,081,84,05,69,307,60,16,54,035,15,05,07,146,88*79
$GPGSV,2,2,06,07,20,100,71,03,88,097,76*71
$GPRMC,111319.308,V,3754.925,N,07602.575,W,75.7,2.76,181216,,E*46
$GPGGA,111320.308,3754.925,N,07602.575,W,0,04,,,M,,M,,*51
$GPGSV,2,1,06,12,61,280,45,05,80,183,75,16,37,194,52,05,29,099,62*74
$GPGSV,2,2,06,07,06,221,25,03,52,156,72*7B
$GPRMC,111323.308,V,3754.924,N,07602.576,W,49.3,2.74,181216,,E*44
$GPGGA,111324.308,3754.924,N,07602.576,W,0,04,,,M,,M,,*57
$GPGSV,2,1,06,12,12,039,45,05,76,056,72,16,71,165,17,05,41,039,39*70
$GPGSV,2,2,06,07,30,144,40,03,53,325,63*7A
$GPRMC,111327.308,V,3754.923,N,07602.578,W,84.4,2.67,181216,,E*4D
$GPGGA,111328.308,3754.923,N,07602.578,W,0,04,,,M,,M,,*52
$GPGSV,2,1,06,12,06,101,31,05,79,096,68,16,49,114,22,05,60,182,66*77
$GPGSV,2,2,06,07,05,017,86,03,49,270,74*7D
$GPRMC,111331.308,V,3754.922,N,07602.579,W,19.2,2.62,181216,,E*4D
$GPGGA,111332.308,3754.922,N,07602.579,W,0,04,,,M,,M,,*59
$GPGSV,2,1,06,12,64,058,20,05,53,190,66,16,82,103,17,05,21,184,52*7C
$GPGSV,2,2,06,07,49,048,43,03,35,058,17*70
$GPRMC,111335.308,V,3754.921,N,07602.581,W,2.3,2.67,181216,,E*73
$GPGGA,111336.308,3754.921,N,07602.581,W,0,04,,,M,,M,,*59
$GPGSV,2,1,06,12,07,121,16,05,33,246,46,16,54,294,36,05,30,162,20*77
$GPGSV,2,2,06,07,65,265,32,03,79,196,54*79
$GPRMC,111339.308,V,3754.921,N,07602.582,W,39.6,2.69,181216,,E*4F
$GPGGA,111340.308,3754.921,N,07602.582,W,0,04,,,M,,M,,*5B
$GPGSV,2,1,06,12,41,202,42,05,89,110,29,16,56,208,34,05,60,233,68*75
$GPGSV,2,2,06,07,62,181,89,03,86,116,23*7F
$GPRMC,111343.308,V,3754.920,N,07602.584,W,73.2,2.68,181216,,E*4E
$GPGGA,111344.308,3754.920,N,07602.584,W,0,04,,,M,,M,,*58
$GPGSV,2,1,06,12,72,124,72,05,20,342,17,16,77,310,42,05,35,268,84*7C
$GPGSV,2,2,06,07,28,183,72,03,55,107,54*79
$GPRMC,111347.308,V,3754.919,N,07602.586,W,83.6,2.74,181216,,E*44
$GPGGA,111348.308,3754.919,N,07602.586,W,0,04,,,M,,M,,*5C
$GPGSV,2,1,06,12,41,298,75,05,15,356,41,16,31,262,72,05,66,079,75*70
$GPGSV,2,2,06,07,57,079,32,03,19,030,89*7C
$GPRMC,111351.308,V,3754.918,N,07602.587,W,41.8,2.78,181216,,E*4F
$GPGGA,111352.308,3754.918,N,07602.587,W,0,04,,,M,,M,,*57
$GPGSV,2,1,06,12,53,196,83,05,30,134,42,16,23,055,55,05,76,158,32*75
$GPGSV,2,2,06,07,65,352,49,03,46,051,21*74
$GPRMC,111355.308,V,3754.918,N,07602.589,W,62.6,2.82,181216,,E*4F
$GPGGA,111356.308,3754.918,N,07602.589,W,0,04,,,M,,M,,*5D
$GPGSV,2,1,06,12,39,096,82,05,26,342,54,16,80,171,68,05,49,209,75*72
$GPGSV,2,2,06,07,42,346,33,03,59,027,64*77
$GPRMC,111359.308,V,3754.918,N,07602.591,W,99.0,2.91,181216,,E*4A
$GPGGA,111400.308,3754.918,N,07602.591,W,0,04,,,M,,M,,*50
$GPGSV,2,1,06,12,30,091,15,05,55,142,66,16,51,346,56,05,58,245,22*78
$GPGSV,2,2,06,07,84,143,31,03,57,026,61*72
$GPRMC,111403.308,V,3754.917,N,07602.592,W,60.6,2.72,181216,,E*43
$GPGGA,111404.308,3754.917,N,07602.592,W,0,04,,,M,,M,,*58
$GPGSV,2,1,06,12,41,317,71,05,65,210,59,16,67,080,49,05,79,016,33*7F
$GPGSV,2,2,06,07,79,154,44,03,82,292,61*71
$GPRMC,111407.308,V,3754.915,N,07602.593,W,60.6,2.27,181216,,E*44
$GPGGA,111408.308,3754.915,N,07602.593,W,0,04,,,M,,M,,*57
$GPGSV,2,1,06,12,12,318,64,05,34,064,89,16,44,255,51,05,81,086,56*75
$GPGSV,2,2,06,07,55,101,68,03,39,351,67*79
$GPRMC,111411.308,V,3754.914,N,07602.594,W,59.4,2.46,181216,,E*4A
$GPGGA,111412.308,3754.914,N,07602.594,W,0,04,,,M,,M,,*5A
$GPGSV,2,1,06,12,83,282,73,05,44,158,56,16,33,314,78,05,57,356,73*7F
$GPGSV,2,2,06,07,70,262,28,03,14,238,62*78
$GPRMC,111415.308,V,3754.913,N,07602.596,W,6.2,2.55,181216,,E*75
$GPGGA,111416.308,3754.913,N,07602.596,W,0,04,,,M,,M,,*5B
$GPGSV,2,1,06,12,36,111,39,05,68,273,37,16,10,139,62,05,64,198,86*78
$GPGSV,2,2,06,07,75,114,88,03,78,135,74*76
$GPRMC,111419.308,V,3754.912,N,07602.597,W,20.4,2.63,181216,,E*4E
$GPGGA,111420.308,3754.912,N,07602.597,W,0,04,,,M,,M,,*5E
$GPGSV,2,1,06,12,31,331,89,05,48,341,23,16,43,237,57,05,68,127,43*7F
$GPGSV,2,2,06,07,07,063,78,03,12,206,22*71
$GPRMC,111423.308,V,3754.911,N,07602.599,W,24.0,2.67,181216,,E*4E
$GPGGA,111424.308,3754.911,N,07602.599,W,0,04,,,M,,M,,*57
$GPGSV,2,1,06,12,53,074,24,05,66,291,48,16,46,319,53,05,48,224,45*7B
$GPGSV,2,2,06,07,05,266,38,03,12,194,27*7D
$GPRMC,111427.308,V,3754.910,N,07602.600,W,76.9,2.66,181216,,E*47
$GPGGA,111428.308,3754.910,N,07602.600,W,0,04,,,M,,M,,*59
$GPGSV,2,1,06,12,37,176,22,05,58,308,42,16,51,325,64,05,25,053,49*72
$GPGSV,2,2,06,07,14,330,75,03,57,222,21*7F
$GPRMC,111431.308,V,3754.909,N,07602.602,W,25.7,2.66,181216,,E*42
$GPGGA,111432.308,3754.909,N,07602.602,W,0,04,,,M,,M,,*58
$GPGSV,2,1,06,12,11,025,73,05,76,013,82,16,52,104,51,05,73,013,33*72
$GPGSV,2,2,06,07,23,268,24,03,22,029,22*7B
$GPRMC,111435.308,V,3754.908,N,07602.603,W,0.5,2.53,181216,,E*75
$GPGGA,111436.308,3754.908,N,07602.603,W,0,04,,,M,,M,,*5C
$GPGSV,2,1,06,12,61,345,19,05,57,301,59,16,85,047,31,05,32,036,64*73
$GPGSV,2,2,06,07,17,174,59,03,62,000,77*77
$GPRMC,111439.308,V,3754.907,N,07602.605,W,5.6,2.59,181216,,E*7C
$GPGGA,111440.308,3754.907,N,07602.605,W,0,04,,,M,,M,,*54
$GPGSV,2,1,06,12,39,125,47,05,73,036,38,16,37,059,65,05,44,313,58*7A
$GPGSV,2,2,06,07,49,053,51,03,23,203,28*7E
$GPRMC,111443.308,V,3754.906,N,07602.606,W,73.7,2.56,181216,,E*4C
$GPGGA,111444.308,3754.906,N,07602.606,W,0,04,,,M,,M,,*52
$GPGSV,2,1,06,12,26,335,30,05,70,031,33,16,74,237,61,05,12,069,33*71
$GPGSV,2,2,06,07,82,073,80,03,57,246,79*71
$GPRMC,111447.308,V,3754.904,N,07602.607,W,15.2,2.51,181216,,E*49
$GPGGA,111448.308,3754.904,N,07602.607,W,0,04,,,M,,M,,*5D
$GPGSV,2,1,06,12,37,024,61,05,85,318,23,16,31,238,51,05,77,328,70*7A
$GPGSV,2,2,06,07,55,135,38,03,64,213,70*72
$GPRMC,111451.308,V,3754.903,N,07602.609,W,22.7,2.48,181216,,E*4E
$GPGGA,111452.308,3754.903,N,07602.609,W,0,04,,,M,,M,,*5F
$GPGSV,2,1,06,12,23,311,54,05,08,224,17,16,26,271,32,05,70,199,31*74
$GPGSV,2,2,06,07,28,169,70,03,17,137,87*74
$GPRMC,111455.308,V,3754.902,N,07602.610,W,39.7,2.37,181216,,E*41
$GPGGA,111456.308,3754.902,N,07602.610,W,0,04,,,M,,M,,*52
$GPGSV,2,1,06,12,09,096,47,05,63,346,57,16,71,212,53,05,05,040,73*7F
$GPGSV,2,2,06,07,50,346,83,03,28,241,16*7E
$GPRMC,111459.308,V,3754.900,N,07602.611,W,25.1,2.34,181216,,E*46
$GPGGA,111500.308,3754.900,N,07602.611,W,0,04,,,M,,M,,*53
$GPGSV,2,1,06,12,54,175,50,05,77,063,44,16,49,214,46,05,63,280,53*7B
$GPGSV,2,2,06,07,53,156,43,03,46,141,89*7F
$GPRMC,111503.308,V,3754.898,N,07602.611,W,30.1,2.26,181216,,E*4F
$GPGGA,111504.308,3754.898,N,07602.611,W,0,04,,,M,,M,,*57
$GPGSV,2,1,06,12,14,237,66,05,74,312,62,16,08,073,56,05,30,288,49*7F
$GPGSV,2,2,06,07,07,354,59,03,79,221,79*73
$GPRMC,111507.308,V,3754.897,N,07602.612,W,78.0,2.25,181216,,E*49
$GPGGA,111508.308,3754.897,N,07602.612,W,0,04,,,M,,M,,*57
$GPGSV,2,1,06,12,44,005,82,05,13,316,73,16,38,118,39,05,58,002,79*7D
$GPGSV,2,2,06,07,71,103,49,03,59,132,83*75
$GPRMC,111511.308,V,3754.895,N,07602.613,W,47.9,2.27,181216,,E*4A
$GPGGA,111512.308,3754.895,N,07602.613,W,0,04,,,M,,M,,*5F
$GPGSV,2,1,06,12,22,144,39,05,58,277,52,16,56,225,34,05,18,093,83*72
$GPGSV,2,2,06,07,41,193,29,03,87,282,49*74
$GPRMC,111515.308,V,3754.893,N,07602.613,W,79.9,2.21,181216,,E*43
$GPGGA,111516.308,3754.893,N,07602.613,W,0,04,,,M,,M,,*5D
$GPGSV,2,1,06,12,12,311,79,05,58,218,53,16,89,006,50,05,25,243,86*78
$GPGSV,2,2,06,07,25,099,85,03,34,191,47*7C
$GPRMC,111519.308,V,3754.892,N,07602.614,W,64.3,2.21,181216,,E*4F
$GPGGA,111520.308,3754.892,N,07602.614,W,0,04,,,M,,M,,*5E
$GPGSV,2,1,06,12,35,043,53,05,15,249,32,16,30,321,54,05,76,247,43*70
$GPGSV,2,2,06,07,82,328,19,03,88,254,31*71
$GPRMC,111523.308,V,3754.890,N,07602.614,W,13.7,2.20,181216,,E*41
$GPGGA,111524.308,3754.890,N,07602.614,W,0,04,,,M,,M,,*58
$GPGSV,2,1,06,12,35,088,84,05,47,339,58,16,38,157,56,05,71,301,60*7C
$GPGSV,2,2,06,07,07,059,23,03,45,113,63*76
$GPRMC,111527.308,V,3754.888,N,07602.615,W,72.9,2.13,181216,,E*44
$GPGGA,111528.308,3754.888,N,07602.615,W,0,04,,,M,,M,,*5C
$GPGSV,2,1,06,12,81,044,39,05,46,021,73,16,69,246,84,05,59,095,15*79
$GPGSV,2,2,06,07,68,290,47,03,39,135,59*7C
$GPRMC,111531.308,V,3754.886,N,07602.615,W,77.6,2.05,181216,,E*40
$GPGGA,111532.308,3754.886,N,07602.615,W,0,04,,,M,,M,,*59
$GPGSV,2,1,06,12,09,168,84,05,35,325,77,16,73,185,39,05,83,064,85*76
$GPGSV,2,2,06,07,71,271,86,03,65,242,24*76
$GPRMC,111535.308,V,3754.885,N,07602.615,W,4.4,1.99,181216,,E*77
$GPGGA,111536.308,3754.885,N,07602.615,W,0,04,,,M,,M,,*5E
$GPGSV,2,1,06,12,63,237,39,05,43,243,89,16,78,107,25,05,85,247,53*76
$GPGSV,2,2,06,07,13,305,37,03,42,245,20*7C
$GPRMC,111539.308,V,3754.883,N,07602.614,W,28.8,1.56,181216,,E*4D
$GPGGA,111540.308,3754.883,N,07602.614,W,0,04,,,M,,M,,*58
$GPGSV,2,1,06,12,73,348,67,05,25,242,40,16,72,355,85,05,53,249,69*78
$GPGSV,2,2,06,07,32,286,19,03,20,016,59*77
$GPRMC,111543.308,V,3754.882,N,07602.613,W,24.3,1.61,181216,,E*45
$GPGGA,111544.308,3754.882,N,07602.613,W,0,04,,,M,,M,,*5A
$GPGSV,2,1,06,12,34,010,61,05,56,249,30,16,28,237,26,05,10,123,67*7E
$GPGSV,2,2,06,07,75,273,78,03,80,171,68*71
$GPRMC,111547.308,V,3754.880,N,07602.611,W,74.9,1.52,181216,,E*4E
$GPGGA,111548.308,3754.880,N,07602.611,W,0,04,,,M,,M,,*56
$GPGSV,2,1,06,12,85,090,54,05,65,286,73,16,66,055,29,05,84,306,69*7B
$GPGSV,2,2,06,07,52,187,46,03,83,249,23*75
$GPRMC,111551.308,V,3754.879,N,07602.610,W,18.9,1.50,181216,,E*46
$GPGGA,111552.308,3754.879,N,07602.610,W,0,04,,,M,,M,,*5A
$GPGSV,2,1,06,12,30,015,40,05,88,245,86,16,19,074,30,05,19,087,70*7E
$GPGSV,2,2,06,07,77,111,27,03,63,261,64*7D
$GPRMC,111555.308,V,3754.878,N,07602.609,W,71.3,1.53,181216,,E*4D
$GPGGA,111556.308,3754.878,N,07602.609,W,0,04,,,M,,M,,*57
$GPGSV,2,1,06,12,71,298,29,05,73,292,65,16,40,312,25,05,16,303,65*7F
$GPGSV,2,2,06,07,22,047,16,03,11,288,31*7F
$GPRMC,111559.308,V,3754.876,N,07602.608,W,67.3,1.54,181216,,E*4E
$GPGGA,111600.308,3754.876,N,07602.608,W,0,04,,,M,,M,,*58
$GPGSV,2,1,06,12,77,279,25,05,48,111,25,16,59,207,35,05,48,082,32*71
$GPGSV,2,2,06,07,24,336,23,03,22,271,31*7C
$GPRMC,111603.308,V,3754.875,N,07602.607,W,10.5,1.50,181216,,E*4C
$GPGGA,111604.308,3754.875,N,07602.607,W,0,04,,,M,,M,,*50
$GPGSV,2,1,06,12,84,197,65,05,13,316,89,16,07,099,34,05,73,054,85*77
$GPGSV,2,2,06,07,39,337,81,03,36,113,67*78
$GPRMC,111607.308,V,3754.873,N,07602.606,W,76.8,1.78,181216,,E*48
$GPGGA,111608.308,3754.873,N,07602.606,W,0,04,,,M,,M,,*5B
$GPGSV,2,1,06,12,68,041,20,05,05,089,27,16,28,103,72,05,09,078,35*7D
$GPGSV,2,2,06,07,83,217,22,03,89,309,29*74
$GPRMC,111611.308,V,3754.872,N,07602.606,W,40.8,1.86,181216,,E*4A
$GPGGA,111612.308,3754.872,N,07602.606,W,0,04,,,M,,M,,*51
$GPGSV,2,1,06,12,47,057,39,05,68,093,35,16,15,293,65,05,83,274,78*7B
$GPGSV,2,2,06,07,68,248,65,03,66,076,85*74
$GPRMC,111615.308,V,3754.870,N,07602.605,W,62.1,1.86,181216,,E*46
$GPGGA,111616.308,3754.870,N,07602.605,W,0,04,,,M,,M,,*54
$GPGSV,2,1,06,12,12,027,16,05,05,351,87,16,38,230,18,05,14,094,82*75
$GPGSV,2,2,06,07,18,206,28,03,32,142,74*79
$GPRMC,111619.308,V,3754.868,N,07602.605,W,96.6,1.83,181216,,E*4A
$GPGGA,111620.308,3754.868,N,07602.605,W,0,04,,,M,,M,,*58
$GPGSV,2,1,06,12,68,264,56,05,17,093,61,16,40,040,24,05,55,057,82*70
$GPGSV,2,2,06,07,52,154,22,03,43,101,66*7B
$GPRMC,111623.308,V,3754.867,N,07602.604,W,9.9,1.82,181216,,E*75
$GPGGA,111624.308,3754.867,N,07602.604,W,0,04,,,M,,M,,*52
$GPGSV,2,1,06,12,49,107,32,05,25,357,79,16,82,047,80,05,88,119,50*77
$GPGSV,2,2,06,07,16,126,44,03,20,302,77*7A
$GPRMC,111627.308,V,3754.865,N,07602.604,W,93.3,1.83,181216,,E*4B
$GPGGA,111628.308,3754.865,N,07602.604,W,0,04,,,M,,M,,*5C
$GPGSV,2,1,06,12,30,200,44,05,53,284,60,16,13,261,25,05,42,014,49*79
$GPGSV,2,2,06,07,83,218,82,03,77,037,24*73
$GPRMC,111631.308,V,3754.863,N,07602.603,W,18.8,1.90,181216,,E*47
$GPGGA,111632.308,3754.863,N,07602.603,W,0,04,,,M,,M,,*56
$GPGSV,2,1,06,12,52,235,36,05,20,078,51,16,29,333,21,05,20,058,63*76
$GPGSV,2,2,06,07,21,345,85,03,77,255,62*71
$GPRMC,111635.308,V,3754.861,N,07602.603,W,4.8,1.87,181216,,E*7A
$GPGGA,111636.308,3754.861,N,07602.603,W,0,04,,,M,,M,,*50
$GPGSV,2,1,06,12,32,279,64,05,27,287,82,16,26,318,76,05,49,263,67*71
$GPGSV,2,2,06,07,53,286,49,03,75,201,32*7C
$GPRMC,111639.308,V,3754.859,N,07602.603,W,10.4,1.91,181216,,E*43
$GPGGA,111640.308,3754.859,N,07602.603,W,0,04,,,M,,M,,*5A
$GPGSV,2,1,06,12,48,270,52,05,28,036,59,16,61,091,67,05,33,166,88*7A
$GPGSV,2,2,06,07,54,204,65,03,63,290,68*7F
$GPRMC,111643.308,V,3754.858,N,07602.603,W,63.3,1.99,181216,,E*44
$GPGGA,111644.308,3754.858,N,07602.603,W,0,04,,,M,,M,,*5F
$GPGSV,2,1,06,12,17,189,87,05,53,245,89,16,14,044,17,05,73,064,15*74
$GPGSV,2,2,06,07,50,304,30,03,42,061,23*7A
$GPRMC,111647.308,V,3754.856,N,07602.603,W,17.0,2.09,181216,,E*44
$GPGGA,111648.308,3754.856,N,07602.603,W,0,04,,,M,,M,,*5D
$GPGSV,2,1,06,12,51,263,28,05,82,336,56,16,08,113,25,05,45,090,65*79
$GPGSV,2,2,06,07,43,209,26,03,68,043,41*7F
$GPRMC,111651.308,V,3754.854,N,07602.603,W,21.5,2.00,181216,,E*48
$GPGGA,111652.308,3754.854,N,07602.603,W,0,04,,,M,,M,,*54
$GPGSV,2,1,06,12,73,185,51,05,21,329,46,16,88,336,46,05,43,329,34*71
$GPGSV,2,2,06,07,35,328,33,03,50,302,60*76
$GPRMC,111655.308,V,3754.852,N,07602.603,W,52.2,1.94,181216,,E*47
$GPGGA,111656.308,3754.852,N,07602.603,W,0,04,,,M,,M,,*56
$GPGSV,2,1,06,12,42,137,16,05,73,288,74,16,05,199,61,05,54,290,82*7A
$GPGSV,2,2,06,07,66,168,51,03,14,246,59*79
$GPRMC,111659.308,V,3754.851,N,07602.602,W,43.1,1.83,181216,,E*4C
$GPGGA,111700.308,3754.851,N,07602.602,W,0,04,,,M,,M,,*56
$GPGSV,2,1,06,12,48,258,88,05,15,151,65,16,43,264,33,05,35,132,87*77
$GPGSV,2,2,06,07,42,291,41,03,13,059,55*7C
